100
5 7 13 14 15 18 20 21 37 38 40 47 57 59 60 63 66 69 80 81 84 85 86 93 95 
10 14 16 18 21 24 40 45 46 48 49 51 52 59 71 76 79 81 82 83 89 96 97 99 
4 7 8 11 16 18 21 24 27 39 41 42 50 52 65 76 80 93 95 96 
16 17 21 25 41 43 48 61 62 63 71 73 74 76 77 79 82 88 89 99 
10 13 19 24 37 41 44 45 46 47 50 54 58 66 69 74 79 84 85 87 88 
6 7 8 14 20 23 24 27 31 32 35 38 40 41 43 47 55 59 61 62 71 76 96 97 
0 2 7 9 14 19 20 22 23 24 27 29 30 41 44 47 50 53 54 59 63 67 70 74 80 88 91 94 95 99 
2 5 9 18 22 25 26 27 40 51 65 76 80 81 87 89 
5 10 46 47 48 53 58 65 71 77 
1 12 13 15 19 23 26 30 44 48 52 58 60 64 70 72 74 75 78 80 82 88 90 94 98 99 
0 1 3 9 13 18 25 32 33 41 42 43 45 62 69 70 74 75 79 80 87 
3 4 10 20 23 26 36 37 39 40 42 58 59 64 66 68 69 74 77 82 83 84 95 
7 9 11 14 15 21 24 27 28 41 44 49 50 53 54 55 58 62 70 80 84 94 
2 10 22 24 25 33 34 35 47 50 51 52 53 54 56 69 71 80 84 86 97 98 
0 4 8 9 12 17 29 40 41 50 55 56 62 77 90 96 97 
5 8 19 42 46 62 67 68 73 76 85 90 
2 3 6 9 25 26 31 33 52 53 54 55 56 60 62 71 81 87 88 89 94 
13 14 15 28 29 32 45 56 69 89 97 
4 7 13 43 51 61 64 72 74 75 82 83 87 91 94 97 
2 10 13 15 28 32 37 39 44 48 59 60 64 65 69 70 71 75 80 83 85 89 93 94 95 98 
0 10 11 15 26 30 37 42 57 58 64 67 69 78 85 86 89 90 95 
4 6 7 9 13 16 22 33 45 49 52 53 59 65 66 71 75 78 81 87 88 97 98 
6 9 11 12 16 18 19 23 31 32 35 41 45 51 52 54 65 69 70 72 75 79 93 94 96 
1 2 7 9 10 17 19 28 35 43 45 56 57 59 60 64 65 76 77 80 87 
11 12 20 22 26 32 49 50 59 61 67 75 76 87 92 97 
3 6 13 16 18 27 30 33 38 41 44 46 47 53 55 57 58 60 63 70 81 82 83 84 89 97 
3 9 21 22 29 31 33 42 48 57 61 68 71 72 80 95 
5 6 14 23 28 29 30 43 44 56 57 60 64 65 70 74 75 79 83 90 91 92 95 
7 12 13 22 27 29 32 35 40 42 46 56 64 74 75 77 82 84 88 94 95 96 
3 13 20 23 26 27 31 32 33 37 40 47 48 51 53 56 62 67 68 71 72 73 88 89 92 97 
6 12 13 18 21 32 38 40 42 48 55 59 66 67 69 71 73 74 83 85 90 91 
13 15 20 22 24 30 32 43 45 53 54 59 63 66 72 80 84 96 
2 9 12 13 24 29 34 37 39 40 41 44 49 56 57 60 62 65 66 68 69 72 74 79 81 85 88 91 98 
1 2 11 13 16 21 25 30 36 37 45 47 51 54 56 69 70 72 77 79 86 95 99 
7 11 36 38 39 41 42 54 59 63 66 68 69 72 79 85 86 87 91 94 97 
3 10 19 22 28 30 31 38 41 45 47 52 59 61 62 67 82 84 87 94 
0 3 8 10 13 16 20 22 24 28 30 31 37 38 42 43 47 52 53 54 62 74 79 85 88 90 96 98 
0 2 5 8 9 14 16 19 20 32 35 36 39 43 46 59 60 68 77 78 81 89 92 96 97 99 
1 4 12 22 33 56 58 63 70 74 76 79 80 81 85 90 92 97 98 99 
9 12 13 24 26 29 32 34 36 38 45 50 52 53 60 61 63 65 79 81 82 97 
2 3 4 5 9 18 21 28 42 50 60 61 68 69 71 72 76 92 93 96 
0 5 6 9 16 18 24 27 57 61 67 75 78 79 85 94 99 
2 7 11 13 18 24 37 45 54 59 62 66 72 74 84 90 92 93 94 97 98 
7 9 10 12 15 18 21 30 41 48 53 77 93 95 
15 26 30 43 45 46 47 59 60 61 72 76 81 87 88 97 98 
0 5 6 12 15 20 23 24 33 43 52 55 57 64 72 74 80 81 92 95 96 99 
2 5 9 15 25 26 28 30 33 38 55 58 61 62 67 68 72 78 79 81 90 
5 15 19 22 24 26 30 37 38 45 49 56 58 61 63 67 82 84 86 87 89 90 
6 8 9 12 15 19 24 52 62 68 69 70 82 86 93 97 98 
3 4 15 21 23 24 31 34 38 39 42 46 50 56 57 58 61 70 73 75 80 85 86 88 97 
2 7 10 18 21 23 25 31 38 39 40 44 46 52 54 56 58 62 68 71 72 74 78 79 82 83 85 91 96 99 
0 5 15 16 17 18 21 23 25 27 37 42 49 50 52 73 86 99 
18 23 43 44 45 50 57 59 63 68 77 93 97 
1 2 9 15 27 29 42 43 46 52 59 60 63 69 79 80 82 83 97 98 
0 5 24 26 32 42 43 45 51 60 61 66 74 91 
1 14 16 26 35 36 37 47 49 57 73 83 
3 18 21 26 29 31 33 36 38 39 49 54 61 66 70 83 84 85 86 90 91 
0 4 6 18 35 42 54 55 63 68 70 73 82 87 95 
0 2 7 12 15 18 22 30 33 35 39 44 46 60 80 85 89 94 
18 23 27 28 37 48 53 56 74 77 82 83 84 87 94 97 
2 14 21 30 33 35 46 61 69 70 77 78 79 86 88 96 
1 3 10 21 25 34 37 44 55 58 68 69 74 78 79 82 85 87 89 90 98 
0 1 4 6 10 13 16 22 23 32 35 45 46 68 69 77 79 80 84 89 97 99 
1 2 5 8 12 15 16 17 22 25 28 29 35 37 38 46 48 51 57 61 67 75 76 80 81 87 95 96 
0 3 5 6 17 23 25 26 30 36 38 42 43 44 50 51 52 54 66 72 78 86 87 96 
2 6 16 20 21 22 23 29 33 44 47 49 66 67 68 70 81 87 93 
3 4 9 12 16 19 29 37 38 43 48 63 64 72 73 77 82 85 89 95 99 
1 4 5 8 10 11 25 30 40 42 51 52 53 56 59 64 65 72 88 99 
2 12 16 17 19 21 26 34 42 57 59 62 63 67 71 87 91 94 99 
5 7 11 14 18 23 28 30 34 44 47 52 57 60 67 71 75 78 88 91 
0 3 4 14 23 31 41 45 53 64 83 92 97 99 
2 13 17 22 25 28 38 40 46 54 56 69 79 81 84 87 90 91 94 97 
5 11 12 13 15 22 29 36 42 51 57 60 61 64 66 78 87 91 93 95 99 
3 4 7 12 28 32 33 39 46 51 52 54 55 56 59 63 77 78 89 96 
2 9 11 26 32 33 34 37 38 40 41 42 44 46 48 50 55 67 73 75 87 92 
3 6 16 20 21 33 34 37 41 45 50 77 79 95 
10 25 26 33 35 38 40 45 47 53 72 77 79 82 84 89 95 97 99 
1 6 7 11 12 16 18 22 41 45 52 56 57 65 76 84 87 93 99 
1 4 17 19 23 24 25 39 47 49 52 55 56 63 64 68 74 87 88 89 
4 11 20 36 48 51 61 66 67 72 73 98 99 
4 5 6 7 10 11 14 20 22 24 28 33 35 38 46 50 52 57 60 63 65 70 76 89 93 99 
0 8 9 10 17 20 21 24 28 62 73 80 85 91 95 
4 12 17 23 24 26 30 40 49 50 54 58 62 66 73 77 80 86 88 93 
0 2 7 15 17 32 42 45 50 53 56 60 66 74 88 91 96 97 
0 13 14 18 28 31 35 40 48 60 62 69 75 76 78 80 94 98 
3 4 5 10 14 23 26 41 42 43 52 54 57 61 62 68 71 77 80 81 83 86 87 89 91 93 97 
9 12 19 24 26 50 51 66 68 85 88 
4 5 23 25 28 34 40 48 58 63 64 96 97 
0 13 14 15 20 25 26 30 35 45 52 54 64 74 81 82 94 95 
9 13 15 34 36 53 55 66 73 74 75 79 82 
0 10 11 13 19 21 28 30 32 36 45 47 53 62 66 76 82 87 88 91 92 94 97 98 
4 5 6 9 13 17 18 19 22 23 26 28 34 36 49 53 54 57 60 66 74 76 77 93 95 97 98 
3 6 10 15 22 26 28 39 52 58 64 66 72 76 80 81 83 85 86 87 89 90 91 
0 2 3 8 11 15 24 34 35 46 50 59 62 63 71 72 74 84 85 89 94 96 
2 3 6 8 10 15 16 23 24 28 29 34 37 39 49 51 61 63 69 70 71 73 75 88 
4 11 13 20 26 36 37 41 44 45 50 51 55 58 60 68 69 70 80 84 91 92 
2 4 10 15 16 20 21 27 33 41 46 54 57 60 75 83 85 86 89 94 99 
26 29 41 44 50 52 66 70 72 75 79 80 83 
7 8 9 10 11 15 17 21 25 32 33 34 38 43 46 47 56 64 69 77 79 89 91 92 96 
3 5 7 8 20 25 32 33 35 38 41 43 55 60 61 77 78 80 87 92 94 98 
