100
6 15 49 62 63 69 91 
11 47 77 81 
7 9 10 20 75 
7 17 28 29 72 
31 37 42 67 87 99 
6 57 86 90 94 
15 52 53 58 63 71 77 
57 58 71 84 100 
3 32 42 66 70 95 
13 44 56 72 75 77 
1 20 32 69 
9 18 20 21 58 
24 63 87 88 
71 75 87 
9 33 41 50 54 96 
14 17 43 72 96 
10 17 19 24 79 98 
28 30 50 71 77 94 
34 36 75 99 
21 49 50 72 81 
21 33 74 
21 29 30 35 63 89 
3 12 54 59 
20 31 48 49 53 
42 51 81 
5 6 31 38 46 75 88 
8 24 26 33 38 46 
41 42 54 59 61 
6 51 61 88 
32 40 70 72 80 
11 20 21 47 55 58 
4 16 22 44 97 
6 19 29 34 41 79 88 
35 71 92 
5 21 92 
12 36 42 70 79 
15 31 40 48 87 94 
10 33 36 
26 77 83 91 98 
16 63 71 79 
5 47 69 97 
31 40 44 48 78 90 
25 42 46 48 80 93 
1 16 33 52 65 92 
10 42 60 72 78 93 
23 43 56 71 
10 24 47 99 
6 24 37 65 96 
23 82 89 
6 14 15 65 
7 23 79 81 84 
36 65 77 96 
49 70 74 91 
1 40 56 81 89 
6 11 21 35 42 68 
8 24 33 48 
5 37 67 73 
63 64 88 90 99 
6 64 94 
15 54 59 79 
14 54 81 86 95 
24 53 60 61 76 91 
23 27 65 83 85 89 90 
24 28 29 40 91 
55 59 60 85 99 
35 52 54 57 69 87 
16 20 21 25 52 77 
12 21 37 48 53 74 
33 47 61 70 88 94 
9 17 30 36 51 67 
1 12 18 78 96 
74 83 87 
7 16 42 62 
9 41 43 67 
15 19 27 38 45 73 
14 40 70 90 96 
4 31 38 78 99 
28 31 46 73 91 
39 69 73 80 84 
3 13 43 52 74 
41 67 85 87 
33 45 46 55 76 
10 28 34 36 86 
13 37 40 61 70 
3 27 58 90 
6 32 48 74 76 97 
8 60 70 72 96 
2 48 74 83 90 
53 64 79 83 
20 52 54 63 84 
12 23 37 65 69 86 
33 53 64 65 70 72 76 
25 26 65 92 
5 6 19 39 56 72 91 
25 58 70 
2 8 32 33 45 96 
9 18 30 32 
10 32 33 34 48 57 82 
1 24 57 63 73 81 
6 57 75 86 
